              precision    recall  f1-score   support

          BF     0.0000    0.0000    0.0000        35
         BFI     0.5000    1.0000    0.6667        35
          GF     0.5000    1.0000    0.6667        35
         GFI     0.0000    0.0000    0.0000        35
           N     0.5000    1.0000    0.6667        35
          NI     0.0000    0.0000    0.0000        35
          TF     0.0000    0.0000    0.0000        35

    accuracy                         0.4286       245
   macro avg     0.2143    0.4286    0.2857       245
weighted avg     0.2143    0.4286    0.2857       245
